1	2
2
3
4
5
6
7
8
9
10
11
12	5
13
14
15	5	16
16	5	15
17
18	5
19	5
20
21
22
23	22
24
25
26
27
28
29	923
30	29
31
32
33
34
35	5
36
37
38
39
40	5
41	13
42	43
43	42
44
45	47
46
47
48
49
50
51	52
52	51
53
54
55	5
56
57
58	7
59	5	15	16
60
61	5
62	4
63	5
64
65	66
66	65
67
68
69	9
70
71	5	15	16
72	5
73	5
74	5
75
76
77
78
79
80
81
82
83
84
85	77
86
87
88	13
89	5
90
91
92
93
94
95
96	13
97	13	98
98	13
99	13	96
100	13	96	97	98	99
101	5
102	5
103	13
104
105	106
106	13
107
108
109
110	5	15	16
111	47
112	5
113	5
114	5
115	77
116
117
118
119	13
120
121
122
123
124	5
125
126
127
128	5
129	5
130	13	96	99
131	123
132
133	13
134
135	4
136	13
137
138
139
140
141
142	22
143	13
144	5
145
146	13	96	99	130
147	47
148
149	43
150
151
152
153	5
154	5	15	16	155
155	5	15	16
156	13
157	13	136
158	13	136
159
160
161
162
163
164
165
166
167
168	5
169
170	5
171	77
172
173	5
174
175	47
176	77
177
178	177
179	77
180
181	77	115
182
183
184
185	22
186
187	186
188	13
189	5
190
191
192
193
194	13
195	5
196	5
197	5
198
199
200	77	115
201	13	96	99
202
203
204
205
206
207	47
208
209	47
210
211
212
213
214	5
215
216	5
217	5
218
219
220
221
222
223
224	5
225
226
227
228
229
230
231
232
233
234
235
236
237
238	43
239	43	237	238
240	5
241	5	15	16
242
243	5
244
245	5
246
247
248
249
250
251	13	106	136	157
252	5	15	16
253	5
254	5
255
256	5
257	5	15	16
258	6
259
260
261
262	77
263
264	5
265
266
267	5	15	16
268
269	13
270	13	96	99
271	13	96	99
272	13	96	99	270	271
273	13
274	47
275
276
277
278
279
280	5
281
282	47
283
284
285	13	286
286	13	136	157	158	285
287	5
288
289
290	13
291	13	290
292	38
293
294	42	43
295
296
297	13	290
298	13	290	297
299
300
301
302
303
304
305
306	5
307	13
308	5
309
310
311
312
313
314
315	47
316
317
318	13
319
320	43	321
321	43	600
322	5
323	5
324	5
325	5
326
327
328
329	237
330	10	331
331	10
332	77	115
333	77	85	115	334
334	77	85	115	333
335	47
336
337	5
338
339	5
340
341
342
343	43
344
345
346	13	290
347
348
349	47
350
351	420
352
353
354	353
355	5
356	5
357	5
358	5	18	357
359
360
361
362
363
364	13	136
365	13	96	99
366
367
368	13	96	99	270	369
369	13	96	99	270
370	47	371
371
372	47
373
374
375
376
377
378
379
380
381	5
382	22
383	13	290
384
385	77	85	115
386
387
388	186
389	5
390
391
392	47	326	372
393	77	85
394	77	85
395	77	85	393
396	13
397	76
398	76
399
400	13	96	99	270
401
402	13	96	99
403	13	96	99	271	326	402
404
405	42	43
406
407	5
408
409
410
411
412	5
413	5
414	5
415	5	114	216
416
417	5
418	351	419	420	578
419	351	418	420	578
420	351
421	351	419	420
422	13
423
424	13
425	5
426	5	15	16
427	319
428	9
429	9
430
431	430
432	9
433	5
434
435
436
437	22
438	76
439	77
440
441	4	5
442	65	66
443	47	335
444
445
446	5	55
447
448
449	319
450	77
451	5
452	5
453
454	5
455	13	96	99
456
457	5
458
459	77	85	115
460	461
461
462	5
463
464
465	5	15	16
466
467	5
468	5
469
470	4	135
471	4	135
472
473	5
474	5
475
476	477
477
478
479
480	123
481	13	136	157	158
482
483
484	13	136	157	158
485
486
487	5
488
489
490
491
492	5
493	77
494	211
495
496	13
497
498
499	77
500
501	312
502	13
503
504
505	13
506
507	13	96	99	270
508	13	96	99	270
509	5
510
511	319
512	47
513	77	115
514
515
516
517	6
518	77	85	393
519
520	13
521
522
523
524	5
525	5
526
527	13	77
528	5
529	13	99
530	177
531
532
533	43	237
534
535	177
536	13
537	359
538	77
539
540
541
542	13	99
543	13	96	99	270
544
545
546	13	96	99
547
548	549
549
550	549
551	351
552
553
554
555
556
557	13	290
558	13	77	85	393	395	396
559	13
560	47
561
562
563	6
564
565	5
566	351
567
568	47
569
570
571	177	535
572
573	5
574	47	568
575	13	99	103
576
577	5
578	351	418	419	420
579	5
580	5	55
581	13
582	47
583
584	47	147
585
586	5
587	47	335
588	22
589
590
591	77	85	115
592
593	5
594	43	237
595
596	77	85	115
597
598
599	65	66
600	43	321
601	5
602	13	96	99	270
603	477
604	5
605
606
607
608
609	77	85
610
611
612	5	15	16
613	47	157
614
615
616
617
618
619	77
620	77	85	115
621	13
622	623
623
624	77
625
626
627	186
628
629	77	115
630
631
632
633
634
635
636
637
638
639	640
640	639
641	13	96	99	270
642	238
643
644	645
645	644
646	554
647
648
649	22
650	31
651
652	4	5	124
653	47
654	47
655
656
657	13	290	297
658	5	15	16
659	5	15	16
660	495
661	6
662	6
663	5	492
664
665	13	359
666
667	5
668	123
669
670
671	13
672
673	13	106	136	157	251
674	13	136
675
676	5
677	351	418	419	420
678	13	96	99	130
679	177
680	77	434
681	67
682	5	15	16
683
684	13
685
686	5	15	16
687
688	76
689	690
690	689
691
692
693
694
695
696
697
698	5
699
700
701	311
702	13	96	99	130	270
703
704
705
706
707
708	177
709	13	136	158
710	13
711	13
712	5
713
714	13	96	99	270
715	5	153
716	547	717
717	547	716
718
719
720	67
721	77	85	115
722
723
724
725
726	77
727	157
728
729	13	96	99	270
730	47	512
731	547
732
733	123
734	735
735	734
736
737
738	13
739
740
741
742
743
744
745
746
747
748	77
749	13	290
750
751	5
752
753	386
754
755
756
757	758
758
759	13
760	13	98
761	268
762
763	13
764
765
766
767	157	768
768	157
769	5
770
771
772
773
774	13
775	13	96	99	270
776
777
778	758
779
780
781	76
782	351
783	198
784	86
785
786
787	5
788
789
790
791	77
792
793
794
795
796	123
797
798
799	351
800
801
802
803
804
805	68
806
807	13
808	13
809	13	106	136	158
810	758
811
812
813
814
815
816
817
818	411	1096
819
820
821	13
822
823
824
825
826	5
827
828
829
830
831
832	13	96	99	270
833
834
835	13	96	99	326
836	13	96	99	270
837	13	96	99	270
838
839
840	5
841	77	85	115
842
843
844	161
845
846
847
848
849
850	85	211
851
852
853
854
855	5
856
857	707
858
859
860	13	177	530	859
861
862
863
864
865
866
867
868	13	290
869
870	13	96	99	271
871	13	96	99
872	13	96	99	201	270	271	318	326	529	835
873
874
875
876	5	18
877
878
879
880	67
881	77	85	115
882
883
884	314
885
886	186
887
888
889
890
891
892
893
894	5
895	67
896
897
898
899	77	115
900
901
902
903
904
905	186
906
907
908
909
910
911
912
913
914	76
915	5	15	16	612
916
917
918
919
920
921	13	807
922	13	807	921
923	29
924
925
926
927
928
929
930	47	931
931	47	930
932
933	556
934
935	5
936	13
937
938
939
940
941	5
942
943
944
945	38
946
947
948
949	5
950
951
952
953
954
955
956
957
958
959	13	461
960
961	5
962
963	47
964
965
966
967
968
969
970	5
971	77	115
972
973
974
975
976	5
977
978
979
980	554
981
982	5
983	13	96	99	201	270	271	318	529
984	13	96	99
985
986
987
988
989
990
991	6
992
993
994
995	554
996
997
998	13	96	99
999	13	157
1000
1001
1002
1003	13	290
1004
1005	13	96	99	270	369
1006	5
1007	10
1008
1009
1010	13	96	98	99	270
1011
1012
1013
1014
1015
1016	13
1017
1018
1019
1020
1021
1022	22
1023
1024	5
1025	5	941
1026
1027
1028
1029
1030
1031	5
1032	547
1033
1034	22
1035	86
1036
1037	13
1038	13	96	99	130	146
1039
1040
1041
1042	5
1043	67
1044
1045
1046
1047
1048
1049
1050
1051	6
1052
1053
1054	47
1055
1056
1057	249
1058	186
1059	186
1060
1061
1062
1063
1064
1065
1066	5
1067	43
1068	77	85	171
1069	77	85	171
1070	77	85	171
1071	4	5	124
1072
1073
1074
1075	5	55	446
1076	77
1077	5
1078	47
1079
1080
1081
1082
1083
1084
1085
1086
1087
1088	13	96	99	130	270
1089
1090	13	290
1091
1092	47
1093
1094
1095
1096	411	818
1097
1098
1099	123
1100	68
1101
1102	70
1103
1104	1105
1105
1106
1107
1108	77	85	115
1109	341	386
1110
1111	186
1112	5	55	153	215	326	579	580
1113
1114
1115
1116	9
1117
1118
1119	13	96	99	130	270
1120	5
1121
1122	77	85	115
1123
1124
1125	5	1126
1126
1127
1128
1129
1130	734	735
1131
1132
1133
1134	554
1135	13
1136
1137
1138
1139	13	96	98	99	270	1010
1140
1141
1142
1143
1144	319	427
1145
1146
1147
1148	734	735
1149	13	96	99	270
1150
1151	13	96	99	270
1152	13	96	99	270
1153
1154
1155
1156
1157
1158
1159
1160	5
1161
1162	1161
1163	77	85	171
1164	47	560
1165
1166
1167	5
1168
1169	13	96	99	270
1170
1171
1172	5
1173
1174
1175	319	449
1176
1177
1178
1179	5
1180	734	735
1181	5	18
1182
1183
1184
1185	5
1186
1187
1188	77
1189
1190
1191
1192	13	96	99
1193	13	96	99	271	318	326	380	402	403	455	835
1194	13	96	99	130	270
1195
1196
1197	13	136	157
1198	734	735
1199
1200
1201	423
1202
1203
1204
1205
1206
1207
1208	13	96	99	270
1209
1210	13	96	99	130
1211	13	96	99	130
1212
1213
1214
1215	6
1216	5
1217
1218
1219	5
1220
1221	70
1222
1223	554
1224	13	96	99	270	821
1225
1226
1227
1228	13	96	99	130	702
1229
1230
1231	161
1232
1233	13	136	157
1234
1235
1236
1237
1238
1239	13	106	136	157	251
1240
1241
1242
1243
1244	5	18
1245
1246
1247
1248	237
1249
1250
1251
1252
1253	123
1254
1255
1256
1257
1258	734	735
1259	554
1260	13	96	99	270
1261
1262
1263
1264	5
1265	13	96	99	130	270
1266	5
1267
1268	77	85
1269	556
1270
1271	5
1272
1273
1274	5
1275
1276
1277
1278	1178
1279
1280	734	735
1281	77
1282	13	96	99	130	270
1283	13	106	136	157	251
1284
1285
1286
1287	5
1288
1289
1290
1291
1292	47	372
1293	351	418	419	420
1294	13	96	99	270
1295
1296
1297
1298	13	96	99	130	146
1299
1300
1301	43	321
1302	70
1303	13	96	99	270
1304	76
1305
1306
1307
1308
1309
1310
1311
1312
1313
1314
1315
1316	13	96	99	270
1317
1318	13	96	99	270
1319
1320
1321
1322	77	85	115
1323
1324
1325	351
1326	670
1327
1328
1329
1330	38
1331
1332	780
1333
1334	77	85	115
1335	13	96	99	270
1336	13	96	99	270
1337	5
1338
1339
1340
1341
1342
1343
1344
1345
1346	13	96	99	270	369
1347
1348
1349
1350
1351
1352
1353
1354
1355
1356
1357
1358
1359	734	735
1360
1361	47
1362	13	96
1363
1364
1365
1366
1367	5
1368
1369
1370
1371
1372
1373	430
1374	77	115
1375	77
1376	5
1377
1378	13	859
1379	1380
1380
1381
1382
1383
1384
1385	67
1386
1387	42	43
1388
1389
1390
1391	77
1392
1393	312
1394
1395	151
1396
1397	68
1398
1399
1400	77	85	115	423
1401
1402	477
1403
1404
1405
1406	5
1407
1408
1409
1410
1411	5
1412
1413	186
1414	13	96	99	270
1415	410
1416
1417
1418	43
1419
1420
1421
1422	735
1423
1424
1425
1426
1427
1428
1429
1430
1431	13	96	99	270
1432	13	96	99	270
1433
1434
1435
1436
1437
1438
1439
1440
1441
1442
1443	411	483	818
1444
1445
1446
1447	352
1448
1449
1450
1451
1452
1453
1454
1455
1456
1457
1458
1459
1460	237
1461	734	735
1462
1463
1464
1465	13	96	99	130	270
1466
1467
1468
1469	47	512
1470
1471
1472
1473
1474
1475
1476	13	96	99
1477
1478
1479
1480
1481
1482	13	96	99	270
1483
1484
1485
1486
1487
1488
1489
1490
1491
1492	13	96	99	270	271	284	326	529
1493
1494	5
1495
1496
1497	734	735
1498	13	177	535	859
1499
1500
1501	13	96	99	270
1502
1503	10	326	376	482
1504	13	96	99	270
1505
1506
1507
1508
1509	13	96	99	130	194	270
1510
1511
1512
1513	409
1514	4
1515
1516
1517
1518
1519	734	735
1520	554	995
1521	77	85	115
1522
1523
1524	13	96	99	270
1525
1526
1527
1528
1529	326	351	419	420
1530	326	351	420
1531	13	96	99	270
1532
1533	13	96	99	270	369
1534
1535
1536
1537	13	96
1538
1539	13	106
1540
1541	77
1542	13	96	99	270	271	318
1543	47
1544
1545	554
1546	70
1547	43
1548
1549	13	96	99	270
1550
1551
1552
1553
1554	5	941
1555	76
1556
1557
1558	77	85	115
1559
1560
1561
1562
1563	77	85	115
1564
1565
1566	13
1567	556
1568
1569
1570
1571
1572
1573
1574	13	96	99	130	270
1575	13	96	99	130
1576
1577
1578
1579
1580
1581	351
1582
1583
1584
1585
1586	735
1587
1588
1589
1590
1591
1592	1380
1593	77	85	115
1594
1595
1596
1597	734	735
1598
1599	13	96	99	270
1600
1601
1602	4	5	40	73	94	168	196	326	1004
1603
1604	1104	1105
1605	10
1606	734	735
1607	1126
1608
1609
1610
1611
1612	13	96	99	130	194	271
1613
1614
1615
1616	186
1617
1618
1619	13	85	94	96	99	130	194	201	211	215	269	270	271	318	326	455
1620	10
1621	13	96	99	270
1622
1623	13	136	157
1624
1625	13
1626	13	96	99	270
1627
1628
1629
1630
1631
1632
1633
1634
1635	5	18
1636
1637	13	96	99	270
1638
1639
1640
1641
1642
1643
1644
1645
1646
1647	734	735
1648
1649
1650	351
1651
1652
1653
1654
1655
1656
1657
1658
1659	13	96	99	270
1660
1661
1662
1663
1664
1665
1666
1667
1668
1669
1670
1671	734	735
1672	314
1673
1674	734	735
1675
1676
1677	13	96	99	270
1678	13	96
1679	734	735
1680
1681
1682
1683
1684
1685
1686
1687	22
1688	13	96	99	270
1689
1690	1094
1691
1692	77
1693
1694
1695
1696	1424
1697
1698	734	735
1699
1700
1701
1702
1703
1704
1705
1706	734	735
1707
1708	13	96	99	270
1709
1710
1711
1712	77	85	171
1713	77	85	115
1714
1715
1716	734	735
1717
1718
1719
1720
1721	13	96	99	270
1722
1723	13	96	99	270
1724
1725
1726
1727
1728
1729
1730
1731	5	114
1732
1733
1734	13	96	99	270
1735
1736
1737
1738
1739
1740	13	46	94	96	99	130	194	201	269	270	318	326	455	759	1211
1741	13	96	99	270	455
1742
1743
1744
1745	13	96	99	270
1746	13	96	99	270
1747
1748
1749
1750	734	735
1751
1752
1753	123
1754
1755	123
1756
1757
1758
1759	1126
1760
1761	804
1762
1763	67
1764
1765	13	96	99	270
1766
1767	423
1768	13	96	99	270
1769
1770
1771
1772
1773	77	85	109	153	406	423	450	655	1113	1772
1774	1126
1775	13
1776	351	418	419	420
1777	351	418	419	420	1776
1778	13	96	99	270
1779	734	735
1780
1781
1782	13	96	99	270	369
1783	5	55	101	102	153	196	326
1784	13	96	99	130	270
1785
1786	1126
1787
1788
1789	77	85	115	332
1790
1791
1792	408
1793
1794
1795
1796
1797	734	735
1798	351
1799
1800	734	735
1801	326
1802
1803	734	735
1804
1805
1806
1807
1808	47	372
1809
1810	13	96	99	270
1811	846
1812
1813
1814
1815	13	807	921
1816
1817
1818
1819
1820	13	96	99	270	271
1821
1822
1823	268
1824
1825	13	96	99	201	269	270	271	318	326	366	369	402	455	835	1193
1826	47	335
1827
1828
1829	309	351	419	420
1830
1831
1832
1833	910
1834
1835
1836	13	96	99	270
1837
1838
1839
1840	735
1841
1842	377	1841	1843	1844
1843	377	1841	1842	1844
1844	1841
1845
1846	13	96	99	270
1847
1848
1849	13	96	99	270
1850
1851	734	735
1852
1853
1854	77	85	109	1300
1855
1856
1857	735
1858	734	735
1859	13	96	99	130	270
1860
1861	13	96	99	130	270
1862
1863
1864	5
1865
1866
1867	13	96	99	270
1868
1869	77	85	171
1870	157	768
1871
1872
1873
1874	47
1875
1876	734	735
1877
1878
1879	13	136	157	158
1880
1881
1882	13	96	99	130	194	270
1883
1884
1885
1886	735
1887	13	85	96	97	98	99	130	157	194	201	269	270	271	309	318	326	366	448	455	738	759	871	1612
1888
1889	13	96	99
1890	13	96	99	270
1891
1892
1893
1894
1895
1896	734	735
1897
1898
1899
1900	352
1901
1902
1903
1904
1905
1906
1907
1908
1909
1910
1911
1912	1126
1913
1914
1915
1916
1917
1918	734	735
1919	734	735
1920	77	85
1921	13	96	99	130	270
1922
1923	734	735
1924	472	1565	1791
1925
1926	1927	1928
1927	1926	1928
1928
1929
1930	47
1931
1932
1933
1934
1935	351	418	419	420	1776	1777
1936	13
1937	351
1938
1939
1940
1941
1942	13	96	99	270
1943	13	96	99	270
1944	13	96	99	270
1945	13	96	99	270
1946
1947
1948
1949
1950	734	735
1951	326	1249
1952
1953	13	96	99	130	270	455
1954	13	96	99	270
1955	734	735
1956
1957	351	419	420	1742
1958	734	735
1959
1960
1961
1962
1963
1964
1965
1966
1967
1968
1969	13	96	99	130	270
1970	13	96	99	201	270	271	318	326	380	402	403	455	835
1971	13	96	99	270
1972
1973	5
1974	734	735
1975
1976
1977
1978
1979	309	734	735
1980	326	1478
1981
1982
1983	734	735
1984	734	735
1985	734	735
1986	13	96	99	270	318	369
1987	13	96	99	270
1988
1989	13	96	99	270
1990	734	735
1991	13	96	99	270
1992
1993	734	735
1994	734	735
1995	13	96	99	270	271	529
1996
1997	13	85	96	99	101	130	194	269	270	271	318	326	402	455	835
1998
1999	483
2000	734	735
2001
2002
2003	734	735
2004	277
2005	734	735
2006	734	735
2007	309	734	735
2008	734	735
2009	734	735
2010	1126
2011
2012	13	96	99	194	270
2013
2014	734	735
2015	734	735
2016	734	735
2017
2018
2019	846
2020	77
2021	734	735
2022
2023	734	735
2024
2025
2026
2027
2028
2029	13	96	99	270
2030	734	735
2031
2032
2033
2034	309	734	735
2035	734	735
2036	734	735
2037	5	18	55	101	153	190	215	326	380	446	448
2038	351	420	551
2039	5
2040
2041	13	96	99	130	194	201	269	270	271	318	326	366	422	455	529	1037	1211
2042	4	5	114	124	144	189	216	316
2043
2044	312	569	638	794	1452
2045	309	734	735
2046	734	735
2047	13	96	99	270
2048	734	735
2049
2050	309	734	735
2051	47	326	512	829
2052	734	735
2053	29	77	85	92	109	115	211	217	908
2054	734	735
2055
2056	13	96	99	270	271	326	402	835
2057	734	735
2058	734	735
2059	5	85	1559	1730
2060
2061
2062	734	735
2063	734	735
2064
2065
2066
2067
2068
2069
2070
2071
